1e+22 964314.768062 1e+22 151516.698298 1e+22 20624.1056297
1e+23 673885.588255 1e+23 124013.230244 1e+23 17888.2665318
1e+24 304706.546619 1e+24 95906.2894206 1e+24 15146.576732
1e+25 36077.8561874 1e+25 64652.6600818 1e+25 12377.3847638
1e+26 5053.79909975 1e+26 15308.8023609 1e+26 9473.09296574
1e+27 660.937050252 1e+27 2072.78668864 1e+27 5781.30254938
1e+28 82.2056645035 1e+28 260.317753449 1e+28 808.220135911
1e+29 9.86471179084 1e+29 31.2788316457 1e+29 98.2982345005
1e+30 1.15275984073 1e+30 3.65606752537 1e+30 11.5198935143
1e+31 0.132007149797 1e+31 0.417438177487 1e+31 1.31990144268
1e+32 0.0148792834907 1e+32 0.0470521834204 1e+32 0.148788692147
