1e+22 96431.4768062 1e+22 15151.6698298 1e+22 2062.41056297
1e+23 673885.588255 1e+23 124013.230244 1e+23 17888.2665318
1e+24 3047065.46619 1e+24 959062.894206 1e+24 151465.76732
1e+25 3607785.61874 1e+25 6465266.00818 1e+25 1237738.47638
1e+26 5053799.09975 1e+26 15308802.3609 1e+26 9473092.96574
1e+27 6609370.50252 1e+27 20727866.8864 1e+27 57813025.4938
1e+28 8220566.45035 1e+28 26031775.3449 1e+28 80822013.5911
1e+29 9864711.79084 1e+29 31278831.6457 1e+29 98298234.5005
1e+30 11527598.4073 1e+30 36560675.2537 1e+30 115198935.143
1e+31 13200714.9797 1e+31 41743817.7487 1e+31 131990144.268
1e+32 14879283.4907 1e+32 47052183.4204 1e+32 148788692.147
