0.0 0
3.18015064113e-11 27020906645069983077068966376528400608510607360
6.36030128226e-11 39566093074778142715102343636187727665710497792
9.54045169055e-11 43442513612524985801992885524399712405802713088
1.27206025645e-10 42447655555404676836158869535503449643227807744
1.59007534385e-10 38858293494843933734408747993524173889433763840
1.90809033811e-10 34169545453188864859886304095154839630513176576
2.22610533237e-10 29291527548618491384374591804912074888616869888
2.5441205129e-10 24568793468533135887538509529327733430269509632
2.86213550717e-10 20353499680480916073753043001361908436566016000
3.18015068769e-10 16619118496339192543421356834730647085589200896
3.49816568196e-10 13514932895269016127498718996887231675441872896
3.81618067622e-10 10901296666269370697815159859819207898697826304
4.13419567049e-10 8737593843841316498778990105587859689178136576
4.45221066475e-10 6961622410084878350705428893779988617378136064
4.77022603154e-10 5583188098158581605045691392033547383690231808
5.08824102581e-10 4431724754990279320296330231838247698024103936
5.40625602007e-10 3544787598894574567575007101902302173846306816
5.72427101433e-10 2816005135679046448517909870805583393374339072
6.0422860086e-10 2252434086166637927183619736156472487668875264
6.36030137539e-10 1809487630278766789643225319595816554273439744
6.67831599712e-10 1456511114962389787690026918278025588502429696
6.99633136392e-10 1177612157720535423095131348177869343322800128
7.31434673071e-10 957856108771491682777408736252481393978769408
7.63236135244e-10 784577097503160521303984125405677888246644736
7.95037671924e-10 647971665726565001725021204144258099827441664
8.26839134097e-10 539508314817054526624872543112599478298738688
8.58640670776e-10 453548548195512019982079733726867479951572992
8.9044213295e-10 384533166185244429372134844838294482231230464
9.22243669629e-10 329455934157395322675125453887829100908773376
9.54045206308e-10 285707616381944965802995125882063962236780544
9.85846668482e-10 250633887467349538044962526229624142931427328
1.01764820516e-09 222051280140758166272805126034223757818593280
1.04944966733e-09 198553469962929327043694187155696544055820288
1.08125120401e-09 179593250340315527808449741380499083492327424
1.11305274069e-09 163981550423919653473757979832836213075607552
1.14485420287e-09 151055586351634224753346162389653344986595328
1.17665573955e-09 140324604630878410575870223413530733821558784
1.20845720172e-09 131265536512382985359198476866027901111238656
1.2402587384e-09 123654549288897364852029543490816174293254144
1.27206027508e-09 117283004322290814177968348326167857275600896
1.30386173725e-09 111811235780052445576491265362249220643356672
1.33566319942e-09 107037440700901918011823427960245079766990848
1.36746481061e-09 102859791751056016929657180259576236421939200
1.39926627278e-09 99171934579518553327733702505266512134144000
1.43106773496e-09 95876423278045022360311024078658955588403200
1.46286934614e-09 92894853106516287781394761074936740405313536
1.49467080832e-09 90163048195643203331081795745348434912083968
1.52647227049e-09 87627540825622768453507225119238061396328448
1.55827373266e-09 85245023171481500866120672923419447123771392
1.59007534385e-09 82980254328386579747996103585196198194053120
1.62187680602e-09 80805286137527559451604096567172297081749504
1.65367826819e-09 78697753967538970560071280724254255266922496
1.68547987938e-09 76640423684734995796143448059510714156449792
1.71728134155e-09 74619846700403323747166104989143738827669504
1.74908280373e-09 72625743716989281224094501841004456337997824
1.7808842659e-09 70651915275890271047313476008638987034951680
1.81268587708e-09 68695135095660091504985363795122681095913472
1.84448733926e-09 66752159084796203860601093215678039312039936
1.87628880143e-09 64818889638805696900575858109627193083559936
1.90809041262e-09 62893541996336412180486138231254493408788480
1.93989187479e-09 60976975710717838079613198775099386610319360
1.97169333696e-09 59071033630476490446425984197965593024921600
2.00349494815e-09 57177539456131095872091825742090969899073536
2.03529641032e-09 55298647508215909926329048613238529805254656
2.0670978725e-09 53436861139161693412348829458138324262715392
2.09889933467e-09 51594674270365775164604463200107767332339712
2.13070094585e-09 49774127782893777190553723738654494743855104
2.16250240803e-09 47977440246132943820012009820533098155081728
2.1943038702e-09 46207046852987061486177970490956170324344832
2.22610548139e-09 44465560720466996756576176232193256807464960
2.25790694356e-09 42755377116499923638214833977676950906339328
2.28970840573e-09 41078502610954244809916897375177953888960512
2.32150986791e-09 39436520987429713825672010493226114976055296
2.35331147909e-09 37830905399606306803254116694375052630556672
2.38511294127e-09 36263311808738452621368349430157394785075200
2.41691440344e-09 34735643545248531554084767563139433636036608
2.44871601462e-09 33249493581104008547761056671450509609009152
2.4805174768e-09 31805876109304658315689776048282033792745472
2.51231908798e-09 30404912108978934965296116475899109198266368
2.54412055016e-09 29046539627676004822325436613817886918574080
2.57592201233e-09 27730724208215495404563832757267832921653248
2.6077234745e-09 26457803634615825533570537870990610976997376
2.63952493668e-09 25228133466537740920425564227465621901672448
2.67132639885e-09 24041848575266854613862349135526096252436480
2.70312786102e-09 22898721528329423963408983505866098030411776
2.73492962122e-09 21798088296214011119621235528277004531007488
2.76673108339e-09 20739208031868067356807872920953075852640256
2.79853254557e-09 19721310568407667309949678094596142939504640
2.83033400774e-09 18743737864600740451519032305758092490964992
2.86213546991e-09 17805848118215068145323107514940480762675200
2.89393693209e-09 16906918848487026303732594476448951998349312
2.92573869228e-09 16046132337152490772965112789443683666624512
2.95754015446e-09 15222526728925882587579613782510163065831424
2.98934161663e-09 14435088448199498978258329932337273020350464
3.0211430788e-09 13682772738739907243499044087841949929701376
3.05294454098e-09 12964521535391563997950786023165043218055168
3.08474600315e-09 12279253842667093650683880767007783062077440
3.11654746532e-09 11625875671441422209105975679501793897742336
3.14834922552e-09 11003289979405042282052131842598338343993344
3.18015068769e-09 10410398911667005057169972246816567788044288
3.21195214987e-09 9846057455808082555208823323438171390214144
3.24375361204e-09 9309130508111406557029716091212686992343040
3.27555507421e-09 8798524247908939085336310501934963737231360
3.30735653639e-09 8313188307475704945014510969702968398446592
3.33915799856e-09 7852182018087223567408924181991334634061824
3.37095975876e-09 7414653552629051332035482478848803501768704
3.40276122093e-09 6999714344825907785078601867171649378320384
3.43456268311e-09 6606454206110162426353458422965296907157504
3.46636414528e-09 6233911202178090303819430644907919475212288
3.49816560745e-09 5880929047233185348068702899120853672263680
3.52996706963e-09 5546419086846845946793887124698663885996032
3.5617685318e-09 5229441395653467574365087307524495548350464
3.593570292e-09 4929179957753654851065038904409304487428096
3.62537175417e-09 4645022167798658587051309477990370495168512
3.65717321634e-09 4376569587922084025923144578667673263538176
3.68897467852e-09 4123239207896312830792597441543877292982272
3.72077614069e-09 3884310257653886425629266044448778043260928
3.75257760286e-09 3659017919230106834050595624376929576026112
3.78437906504e-09 3446395014980534580248238740692489191030784
3.81618082523e-09 3245236765789425384898000704179203364356096
3.84798228741e-09 3054670696157667804967964651123477563047936
3.87978374958e-09 2874246328677863542386313082377500444590080
3.91158521175e-09 2703857694969213473015986590715789501792256
3.94338667393e-09 2543527610021597275854097147137817185353728
3.9751881361e-09 2392947121927545334041485350570595977265152
4.0069898963e-09 2251355799641975342642263635094794569515008
4.03879135847e-09 2118019893830931055215898004894501979553792
4.07059282064e-09 1992358477273287812267066631917355589959680
4.10239428282e-09 1873902810256438860910926519969534326079488
4.13419574499e-09 1762254333001329107177151513718034555469824
4.16599720716e-09 1657062014446534110778820575967100094382080
4.19779866934e-09 1558010132563856289903123754157074385207296
4.22960042953e-09 1464808328094266861493789503295315771392000
4.26140189171e-09 1377164596246692853364978435363465469100032
4.29320335388e-09 1294755126001402217511847025751153983881216
4.32500481606e-09 1217265441394541422404926669972734511939584
4.35680627823e-09 1144394489641082332643139654856492206522368
4.3886077404e-09 1075861607124856360787532219501062167461888
4.42040920258e-09 1011411254777892266932639729622690996158464
4.45221096277e-09 950819496178695378810319399437619062374400
4.48401242495e-09 893876110777974158844718193100467982041088
4.51581388712e-09 840367705592803050053827440167524287643648
4.54761534929e-09 790090403463471773482987553444876108431360
4.57941681147e-09 742851356773886844180852349830864645914624
4.61121827364e-09 698469314955089032939473036699458768732160
4.64301973581e-09 656773932316977022298233282698094305083392
4.67482149601e-09 617606239114489266579230142986857859776512
4.70662295818e-09 580817370287228173313530451112218010320896
4.73842442036e-09 546267216150030798345248488750563404546048
4.77022588253e-09 513824225462327300413040462028973010845696
4.8020273447e-09 483364458611496447088640007359789923303424
4.83382880688e-09 454771936161951075259954825278445729087488
4.86563026905e-09 427936582035322533701488322730403322396672
4.89743202925e-09 402749820297106609803148346172824736497664
4.92923349142e-09 379108199992813431213846427424621577895936
4.96103495359e-09 356915114717905907568702053294849919025152
4.99283641577e-09 336080161237068261774800885779468524716032
5.02463817596e-09 316518839120959399793014431617426407817216
5.05643963814e-09 298152184690012370047004489828579485417472
5.08824110031e-09 280906623166957863047687469559572038942720
5.12004256248e-09 264713794345945228472634532278548004077568
5.15184402466e-09 249509329256609689230110238817412366467072
5.18364548683e-09 235232881635844620613070603157223619166208
5.21544694901e-09 221827858538257343936494218744913020846080
5.24724841118e-09 209240957011235393965215555042911530778624
5.27904987335e-09 197422351579060511078064756767245325041664
5.31085133553e-09 186324929320384609748769275465242381385728
5.3426527977e-09 175904096127888846986221270481271269621760
5.37445425987e-09 166117936552138366359745779082222947532800
5.40625572205e-09 156927202496248161676479377086544733011968
5.43805778027e-09 148295074411028540649096293596740670455808
5.46985924244e-09 140186911472447546075932840330021960679424
5.50166070461e-09 132570339036149737085380046645965090717696
5.53346216679e-09 125414791000520584902802858670111126978560
5.56526362896e-09 118691323584863535571422370656798417879040
5.59706509113e-09 112372792970350034733165555358974978555904
5.62886655331e-09 106433829234259947682280367684539685797888
5.66066801548e-09 100850705519188896097557253957653029191680
5.69246947765e-09 95601216975687328199924723198469500567552
5.72427093983e-09 90664625332993004264233723136443735343104
5.756072402e-09 86021524940616287163652817874559778684928
5.78787386417e-09 81653838207318630567565071998595513712640
5.81967532635e-09 77544643771700454164180572214271047368704
5.85147738457e-09 73678090745203927466103638134189975404544
5.88327884674e-09 70039286308003157529799699090950886260736
5.91508030891e-09 66614228190382305854285940108587276697600
5.94688177109e-09 63389842761908919894893902879579153891328
5.97868323326e-09 60353833453745489643438221933520783147008
6.01048469543e-09 57494645875299047354882079397302996303872
6.04228615761e-09 54801264332804444654966959017134777171968
6.07408761978e-09 52263347026327588433652144316817407475712
6.10588908195e-09 49871222669820449906670333892983542251520
6.13769054413e-09 47615864895450664829989737594324137279488
6.1694920063e-09 45488840809578419053278292645373007626240
6.20129346848e-09 43482258697292411363335108567835084849152
6.23309493065e-09 41588759225172203606866172183228683649024
6.26489639282e-09 39801458818531587842749571974088322187264
6.29669845104e-09 38113967564045063882531944142424426676224
6.32849991322e-09 36520311662092110248751827945321956114432
6.36030137539e-09 35014887082403418820620899664569990905856
6.39210283756e-09 33592453254473729956634799939043803004928
6.42390429974e-09 32248065731357256702103582043659562909696
6.45570576191e-09 30977096821638044111293807947415451336704
6.48750722408e-09 29775210606043146124577507898315008638976
6.51930868626e-09 28638321974584998356050067272258816049152
6.55111014843e-09 27562591105935723173421039943586618015744
6.5829116106e-09 26544355507245003939802475941785874989056
6.61471307278e-09 25580177012902398858153519895028311261184
6.64651453495e-09 24666846087493316951464846892703758155776
6.67831599712e-09 23801355122652294367038318831523036397568
6.71011805534e-09 22980896434947288486641241333462401548288
6.74191951752e-09 22202830907927489054138774623505723949056
6.77372097969e-09 21464697684303754145330215259909740560384
6.80552244186e-09 20764185809524537793640581387178834132992
6.83732390404e-09 20099142442006351072923817931309181829120
6.86912536621e-09 19467562353696947210509340292474996785152
6.90092682838e-09 18867555512885596554820665498315691917312
6.93272829056e-09 18297356612611139653058825292010775117824
6.96452975273e-09 17755292032874764877100892977690302218240
6.9963312149e-09 17239798171704368358490939309768925249536
7.02813267708e-09 16749391048890608200957255655911306821632
7.05993413925e-09 16282684149536644415592527044074060906496
7.09173560143e-09 15838371076093810175083345557352699920384
7.1235370636e-09 15415216532297377689872984672282821525504
7.15533912182e-09 15012034052321479837772407492350199201792
7.18714058399e-09 14627704116083072319368679802499277783040
7.21894204617e-09 14261179277875953387350362916571920203776
7.25074350834e-09 13911477761916774470170799641404783984640
7.28254497051e-09 13577671727204502920018669473671461994496
7.31434643269e-09 13258894511099888300042924201850471186432
7.34614789486e-09 12954330975131581615585923529250388836352
7.37794935703e-09 12663212235273010945672156047094080077824
7.40975081921e-09 12384822829503112467662084024852499398656
7.44155228138e-09 12118483952648410232202554692419503259648
7.47335374355e-09 11863564431770886992949251451501888405504
7.50515520573e-09 11619466137411992024276286932308474200064
7.5369566679e-09 11385629091937464337398608888854797615104
7.56875813007e-09 11161517784766151858809402062306990358528
7.60056018829e-09 10946632722174447142366758436089496600576
7.63236165047e-09 10740493765494371507220223194611197149184
7.66416311264e-09 10542655401711010842963595112378846412800
7.69596457481e-09 10352692035410140627180679697745980686336
7.72776603699e-09 10170199262702121152676304442284327305216
7.75956749916e-09 9994797633442619063667041356489101934592
7.79136896133e-09 9826117569462754825238717043376174137344
7.82317042351e-09 9663815525030629670761781886820726865920
7.85497188568e-09 9507560573050050987639749338064387833856
7.88677334785e-09 9357043616644618509284728981983244320768
7.91857481003e-09 9211973996911574662864697883522660040704
7.9503762722e-09 9072073437620558399318521316121142886400
7.98217773437e-09 8937080022108536092276783799126238167040
8.01397979259e-09 8806751044092083902607722131681135558656
8.04578125477e-09 8680849281049091013018425774225775132672
8.07758271694e-09 8559155600494612510811446105997874036736
8.10938417912e-09 8441458962161677911320910576885528788992
8.14118564129e-09 8327561172275226401881877117640802041856
8.17298710346e-09 8217274154471732203234445632250671267840
8.20478856564e-09 8110417471835712807197960479796119994368
8.23659002781e-09 8006821339863244052079708261314914680832
8.26839148998e-09 7906325938447551463506548311168921894912
8.30019295216e-09 7808779636853314876591677350140794896384
8.33199441433e-09 7714037643199633767904106976875183603712
8.3637958765e-09 7621961275665002503418283159778972663808
8.39559733868e-09 7532422139252716307837191036109401882624
8.42739880085e-09 7445296536620932028837704459313309810688
8.45920085907e-09 7360468245555617979348311592639586631680
8.49100232124e-09 7277824289165408721209475432813424541696
8.52280378342e-09 7197258408170701802039650140538871480320
8.55460524559e-09 7118670325837642216795472262937855393792
8.58640670776e-09 7041966176796167242279745698590156128256
8.61820816994e-09 6967051766565339373340667624175851012096
8.65000963211e-09 6893842796624140590052831101041229430784
8.68181109428e-09 6822257254350705131434861156929716092928
8.71361255646e-09 6752217784150067456617458606084928307200
8.74541401863e-09 6683649598450998030540662867170053586944
8.7772154808e-09 6616484594220651183535787764393321693184
8.80901694298e-09 6550652906990511830271721867376704094208
8.84081840515e-09 6486092473182440064921360166685568401408
8.87261986732e-09 6422742717366643898947490912101348671488
8.90442192554e-09 6360546013176304992289277224992420921344
8.93622338772e-09 6299446596523794848987389865914728972288
8.96802484989e-09 6239392365671627162608354077073385455616
8.99982631207e-09 6180335876881909098811964218738061869056
9.03162777424e-09 6122228829450832226974512477242728120320
9.06342923641e-09 6065028265382137027610051975405264437248
9.09523069859e-09 6008691681768176174579598540552779333632
9.12703216076e-09 5953180111141053491042109685753926647808
9.15883362293e-09 5898456516801069930279502364846306885632
9.19063508511e-09 5844483586560976880464011043140534272000
9.22243654728e-09 5791229091439854783387205925223591313408
9.25423800945e-09 5738659258743793687052275901767006289920
9.28603947163e-09 5686744155234326384625401819868252078080
9.31784152985e-09 5635454573788131364247333499469696073728
9.34964299202e-09 5584763862582267615298339625558855385088
9.38144445419e-09 5534644974080432338210521884366930444288
9.41324591637e-09 5485074071603305711526726606837778481152
9.44504737854e-09 5436029403752204117557712307353097863168
9.47684884071e-09 5387487715896586675655103751598362329088
9.50865030289e-09 5339429658956543133493830327218001149952
9.54045176506e-09 5291836324931001358411127674871822155776
9.57225322723e-09 5244688962214411594311911311869602693120
9.60405468941e-09 5197971296202696201507078503081143435264
9.63585615158e-09 5151667218001988732198551157095071219712
9.66765761375e-09 5105761004709680457448025694536443363328
9.69945907593e-09 5060238102808479253510499813579896651776
9.7312605381e-09 5015085753783515040007219923280302440448
9.76306259632e-09 4970291268582332145258560004365941211136
9.79486405849e-09 4925843412306997798578982250455431643136
9.82666552067e-09 4881729575004413841102357570401935032320
9.85846698284e-09 4837941414754936263223229557257443213312
9.89026844501e-09 4794467879255545917569996920784387309568
9.92206990719e-09 4751300850270452951767665794362713833472
9.95387136936e-09 4708432109202253930920221866909134487552
9.98567283154e-09 4665853098330068947190173915813926404096
