#r(A)   L   L*4PI*r*r*n (/A)
0.0271771 0.00165534338395 0.0287385502507
0.028408 0.00158962116109 0.0315401652113
0.0296881 0.00154152844172 0.0345621543802
0.0370731 0.00210002563913 0.0520838523484
0.0444582 0.00267998142134 0.07284860445
0.0619855 0.00522806386366 0.130701575482
0.0731616 0.00747116450919 0.168249416788
0.0786758 0.00925639899332 0.195596507394
0.0843377 0.0109624052662 0.219683097512
0.0838946 0.0109752254017 0.210140727919
0.0956615 0.0146899781688 0.262321005072
0.101373 0.0170906724566 0.288237589856
0.119688 0.0235481958526 0.383127591891
0.14524 0.030522173193 0.542010340767
0.151788 0.0318645969363 0.587976328192
0.164491 0.0366832441804 0.698732487595
0.171186 0.0365151819928 0.731749756138
0.190486 0.0414225391298 0.887625506377
0.197182 0.0422791898944 0.947927735805
0.216186 0.049491582423 1.14891022804
0.241295 0.0584378705861 1.39137278695
0.277975 0.0751140859228 1.70646442777
0.308303 0.0972171669535 2.0735830599
0.332526 0.115880066933 2.33369727732
0.338335 0.119810887099 2.31776333144
0.350053 0.13500664626 2.42422413564
0.373833 0.171955243939 2.7294460837
0.397761 0.210460303075 2.96482017779
0.415485 0.253008241734 3.11240223897
0.457629 0.35996299241 3.49963585458
0.493816 0.497012258124 3.79661810386
0.560725 0.850386696343 4.2181862868
0.634527 1.55324298562 5.70139228937
0.689964 1.86206131722 5.35711849543
0.770412 2.11380850213 5.24257548293
0.869569 2.32159635527 5.29728728643
1.00019 2.33040387629 6.93576631417
1.1245 2.37983028908 8.26325952453
1.24877 2.44157685086 9.44659009244
1.38549 2.49398828227 10.8864294974
1.5101 2.46345467978 13.4414193626
1.54737 2.48192068459 13.7883971914
