#r(A)   L   L*4PI*r*r*n (/A)
0.0271771 1.48127504485 25.7165357498
0.028408 1.46686840159 29.1045897361
0.0296881 1.4258442863 31.968434063
0.0370731 1.89853856925 47.0866644083
0.0444582 2.35238209771 63.9436346786
0.0619855 2.9603781345 74.0094414091
0.0731616 3.26061338017 73.4284861361
0.0786758 3.39547000439 71.7495080213
0.0843377 3.51533884157 70.446266742
0.0838946 3.536847183 67.7193965841
0.0956615 3.7359417953 66.7132377853
0.101373 3.83669776078 64.7066707516
0.119688 4.04551943452 65.8203341179
0.14524 4.21106401093 74.779742095
0.151788 4.23829686092 78.2064882555
0.164491 4.30841374453 82.0654966748
0.171186 4.3241234254 86.6537174228
0.190486 4.40312514687 94.352646415
0.197182 4.41591349537 99.0077362322
0.216186 4.49565582143 104.36330184
0.241295 4.59879693912 109.494765117
0.277975 4.77214014525 108.414917151
0.308303 4.91280391614 104.787120386
0.332526 5.02080178489 101.113433617
0.338335 5.05941101407 97.8752232878
0.350053 5.13280714262 92.1663881256
0.373833 5.26346906987 83.5470597482
0.397761 5.38782559351 75.8999858912
0.415485 5.50125746202 67.6741829618
0.457629 5.71872074787 55.5986048387
0.493816 5.91762643645 45.2040513956
0.560725 6.2632951723 31.067919947
0.634527 6.53892435137 24.0020223641
0.689964 6.74527018081 19.4060267018
0.770412 6.93030173094 17.1882315297
0.869569 7.09343907353 16.1854081722
1.00019 7.10054610998 21.1327010837
1.1245 7.14070418885 24.7939914755
1.24877 7.19150961237 27.824331407
1.38549 7.23516882306 31.5820069621
1.5101 7.20967553877 39.338362171
1.54737 7.22507395364 40.1391511133
