0 0
0.00318015 1.04476
0.0063603 3.5758
0.00954045 6.88344
0.0127206 10.4757
0.0159008 14.0076
0.0190809 17.2668
0.0222611 20.1458
0.0254412 22.542
0.0286214 24.4822
0.0318015 25.9102
0.0349817 26.9564
0.0381618 27.5853
0.041342 27.8469
0.0445221 27.7788
0.0477023 27.5895
0.0508824 27.079
0.0540626 26.5237
0.0572427 25.7568
0.0604229 24.9817
0.063603 24.1818
0.0667832 23.3428
0.0699633 22.5062
0.0731435 21.6974
0.0763236 20.9315
0.0795038 20.2234
0.0826839 19.5716
0.0858641 18.99
0.0890442 18.4659
0.0922244 18.0162
0.0954045 17.6526
0.0985847 17.3672
0.101765 17.1442
0.104945 16.9776
0.108125 16.8861
0.111305 16.8526
0.114485 16.8729
0.117666 16.9448
0.120846 17.0576
0.124026 17.2135
0.127206 17.413
0.130386 17.6435
0.133566 17.8981
0.136746 18.1757
0.139927 18.4731
0.143107 18.7863
0.146287 19.1117
0.149467 19.4459
0.152647 19.7856
0.155827 20.1277
0.159008 20.4696
0.162188 20.8085
0.165368 21.1423
0.168548 21.4689
0.171728 21.7863
0.174908 22.093
0.178088 22.3877
0.181269 22.6695
0.184449 22.9372
0.187629 23.1897
0.190809 23.4259
0.193989 23.6453
0.197169 23.8474
0.200349 24.032
0.20353 24.1988
0.20671 24.3476
0.20989 24.4785
0.21307 24.5912
0.21625 24.6859
0.21943 24.7625
0.222611 24.8213
0.225791 24.8628
0.228971 24.887
0.232151 24.8943
0.235331 24.885
0.238511 24.8595
0.241691 24.8184
0.244872 24.7625
0.248052 24.6923
0.251232 24.6081
0.254412 24.5103
0.257592 24.3991
0.260772 24.2753
0.263952 24.1394
0.267133 23.9922
0.270313 23.8342
0.273493 23.6659
0.276673 23.4877
0.279853 23.3001
0.283033 23.1036
0.286214 22.8987
0.289394 22.6861
0.292574 22.4664
0.295754 22.24
0.298934 22.0074
0.302114 21.769
0.305294 21.5254
0.308475 21.277
0.311655 21.0241
0.314835 20.7673
0.318015 20.5069
0.321195 20.2432
0.324375 19.9766
0.327556 19.7073
0.330736 19.4357
0.333916 19.1622
0.337096 18.8873
0.340276 18.6115
0.343456 18.3352
0.346636 18.0587
0.349817 17.7819
0.352997 17.5048
0.356177 17.2275
0.359357 16.9501
0.362537 16.6731
0.365717 16.3976
0.368897 16.124
0.372078 15.8527
0.375258 15.5837
0.378438 15.3168
0.381618 15.0509
0.384798 14.7852
0.387978 14.52
0.391159 14.2566
0.394339 13.9964
0.397519 13.7404
0.400699 13.4879
0.403879 13.2384
0.407059 12.9917
0.410239 12.7475
0.41342 12.5059
0.4166 12.2671
0.41978 12.0313
0.42296 11.7987
0.42614 11.5696
0.42932 11.3439
0.4325 11.1216
0.435681 10.9027
0.438861 10.6872
0.442041 10.475
0.445221 10.2661
0.448401 10.0608
0.451581 9.85902
0.454762 9.6607
0.457942 9.46588
0.461122 9.27453
0.464302 9.08665
0.467482 8.90222
0.470662 8.72125
0.473842 8.54375
0.477023 8.36971
0.480203 8.19916
0.483383 8.03209
0.486563 7.86852
0.489743 7.70842
0.492923 7.55171
0.496103 7.39836
0.499284 7.24832
0.502464 7.10153
0.505644 6.95795
0.508824 6.81753
0.512004 6.68026
0.515184 6.54609
0.518365 6.415
0.521545 6.28695
0.524725 6.16191
0.527905 6.03986
0.531085 5.92075
0.534265 5.80455
0.537445 5.69121
0.540626 5.5807
0.543806 5.47298
0.546986 5.368
0.550166 5.26573
0.553346 5.16612
0.556526 5.06912
0.559707 4.97469
0.562887 4.88277
0.566067 4.79331
0.569247 4.70628
0.572427 4.62162
0.575607 4.53929
0.578787 4.45925
0.581968 4.38146
0.585148 4.30588
0.588328 4.23248
0.591508 4.16121
0.594688 4.09203
0.597868 4.0249
0.601048 3.9598
0.604229 3.89666
0.607409 3.83544
0.610589 3.7761
0.613769 3.71859
0.616949 3.66287
0.620129 3.6089
0.623309 3.55663
0.62649 3.50603
0.62967 3.45705
0.63285 3.40968
0.63603 3.36386
0.63921 3.31957
0.64239 3.27676
0.645571 3.23542
0.648751 3.1955
0.651931 3.15697
0.655111 3.1198
0.658291 3.08395
0.661471 3.04939
0.664651 3.01608
0.667832 2.98398
0.671012 2.95307
0.674192 2.92331
0.677372 2.89466
0.680552 2.86711
0.683732 2.84062
0.686913 2.81516
0.690093 2.7907
0.693273 2.76723
0.696453 2.74471
0.699633 2.72312
0.702813 2.70243
0.705993 2.68262
0.709174 2.66366
0.712354 2.64553
0.715534 2.62821
0.718714 2.61166
0.721894 2.59587
0.725074 2.58081
0.728254 2.56645
0.731435 2.55277
0.734615 2.53975
0.737795 2.52738
0.740975 2.51562
0.744155 2.50446
0.747335 2.49388
0.750516 2.48386
0.753696 2.47439
0.756876 2.46543
0.760056 2.45699
0.763236 2.44904
0.766416 2.44156
0.769596 2.43454
0.772777 2.42795
0.775957 2.4218
0.779137 2.41605
0.782317 2.4107
0.785497 2.40573
0.788677 2.40112
0.791857 2.39685
0.795038 2.39293
0.798218 2.38932
0.801398 2.38603
0.804578 2.38302
0.807758 2.3803
0.810938 2.37786
0.814119 2.37567
0.817299 2.37372
0.820479 2.37202
0.823659 2.37053
0.826839 2.36927
0.830019 2.3682
0.833199 2.36733
0.83638 2.36665
0.83956 2.36614
0.84274 2.36579
0.84592 2.3656
0.8491 2.36556
0.85228 2.36566
0.855461 2.36589
0.858641 2.36624
0.861821 2.36671
0.865001 2.36728
0.868181 2.36796
0.871361 2.36873
0.874541 2.36958
0.877722 2.37052
0.880902 2.37153
0.884082 2.3726
0.887262 2.37374
0.890442 2.37493
0.893622 2.37617
0.896802 2.37745
0.899983 2.37877
0.903163 2.38012
0.906343 2.3815
0.909523 2.3829
0.912703 2.38432
0.915883 2.38575
0.919064 2.38719
0.922244 2.38863
0.925424 2.39007
0.928604 2.39151
0.931784 2.39294
0.934964 2.39436
0.938144 2.39577
0.941325 2.39715
0.944505 2.39851
0.947685 2.39985
0.950865 2.40116
0.954045 2.40243
0.957225 2.40368
0.960405 2.40488
0.963586 2.40605
0.966766 2.40717
0.969946 2.40825
0.973126 2.40928
0.976306 2.41027
0.979486 2.4112
0.982667 2.41208
0.985847 2.4129
0.989027 2.41367
0.992207 2.41437
0.995387 2.41502
0.998567 2.41561
1.00175 2.41613
1.00493 2.41659
1.00811 2.41698
1.01129 2.4173
1.01447 2.41756
1.01765 2.41775
1.02083 2.41786
1.02401 2.41791
1.02719 2.41788
1.03037 2.41777
1.03355 2.4176
1.03673 2.41735
1.03991 2.41702
1.04309 2.41662
1.04627 2.41613
1.04945 2.41558
1.05263 2.41494
1.05581 2.41423
1.05899 2.41344
1.06217 2.41256
1.06535 2.41161
1.06853 2.41058
1.07171 2.40947
1.07489 2.40829
1.07807 2.40702
1.08125 2.40567
1.08443 2.40424
1.08761 2.40273
1.09079 2.40114
1.09397 2.39947
1.09715 2.39772
1.10033 2.39589
1.10351 2.39398
1.10669 2.392
1.10987 2.38993
1.11305 2.38779
1.11623 2.38556
1.11941 2.38326
1.12259 2.38089
1.12577 2.37843
1.12895 2.3759
1.13213 2.37329
1.13531 2.3706
1.13849 2.36784
1.14167 2.36501
1.14485 2.36209
1.14803 2.35911
1.15121 2.35605
1.15439 2.35292
1.15757 2.34972
1.16075 2.34644
1.16394 2.34309
1.16712 2.33967
1.1703 2.33619
1.17348 2.33263
1.17666 2.329
1.17984 2.32531
1.18302 2.32155
1.1862 2.31772
1.18938 2.31382
1.19256 2.30986
1.19574 2.30584
1.19892 2.30175
1.2021 2.29759
1.20528 2.29338
1.20846 2.2891
1.21164 2.28476
1.21482 2.28036
1.218 2.27591
1.22118 2.27139
1.22436 2.26682
1.22754 2.26218
1.23072 2.2575
1.2339 2.25275
1.23708 2.24795
1.24026 2.2431
1.24344 2.2382
1.24662 2.23324
1.2498 2.22823
1.25298 2.22317
1.25616 2.21806
1.25934 2.2129
1.26252 2.20769
1.2657 2.20243
1.26888 2.19713
1.27206 2.19178
1.27524 2.18638
1.27842 2.18094
1.2816 2.17546
1.28478 2.16993
1.28796 2.16436
1.29114 2.15875
1.29432 2.1531
1.2975 2.14741
1.30068 2.14168
1.30386 2.13591
1.30704 2.13011
1.31022 2.12427
1.3134 2.11839
1.31658 2.11248
1.31976 2.10653
1.32294 2.10055
1.32612 2.09453
1.3293 2.08848
1.33248 2.08241
1.33566 2.0763
1.33884 2.07016
1.34202 2.06399
1.3452 2.05779
1.34838 2.05157
1.35156 2.04532
1.35474 2.03904
1.35792 2.03274
1.3611 2.02641
1.36428 2.02006
1.36746 2.01368
1.37064 2.00728
1.37383 2.00086
1.37701 1.99442
1.38019 1.98796
1.38337 1.98148
1.38655 1.97497
1.38973 1.96845
1.39291 1.96192
1.39609 1.95536
1.39927 1.94879
1.40245 1.9422
1.40563 1.93559
1.40881 1.92898
1.41199 1.92234
1.41517 1.9157
1.41835 1.90904
1.42153 1.90237
1.42471 1.89568
1.42789 1.88899
1.43107 1.88228
1.43425 1.87557
1.43743 1.86884
1.44061 1.86211
1.44379 1.85537
1.44697 1.84862
1.45015 1.84187
1.45333 1.8351
1.45651 1.82833
1.45969 1.82156
1.46287 1.81478
1.46605 1.808
1.46923 1.80121
1.47241 1.79442
1.47559 1.78763
1.47877 1.78083
1.48195 1.77404
1.48513 1.76724
1.48831 1.76044
1.49149 1.75364
1.49467 1.74684
1.49785 1.74004
1.50103 1.73324
1.50421 1.72644
1.50739 1.71965
1.51057 1.71286
1.51375 1.70607
1.51693 1.69928
1.52011 1.6925
1.52329 1.68572
1.52647 1.67894
1.52965 1.67217
1.53283 1.66541
1.53601 1.65865
1.53919 1.65189
1.54237 1.64515
1.54555 1.63841
1.54873 1.63167
1.55191 1.62495
1.55509 1.61823
1.55827 1.61152
1.56145 1.60482
1.56463 1.59813
1.56781 1.59145
1.57099 1.58477
1.57417 1.57811
1.57735 1.57146
1.58053 1.56482
1.58371 1.55818
1.5869 1.55156
1.59008 1.54496
1.59326 1.53836
1.59644 1.53177
1.59962 1.5252
1.6028 1.51864
1.60598 1.51209
1.60916 1.50556
1.61234 1.49904
1.61552 1.49253
1.6187 1.48604
1.62188 1.47956
1.62506 1.4731
1.62824 1.46665
1.63142 1.46021
1.6346 1.4538
1.63778 1.44739
1.64096 1.441
1.64414 1.43463
1.64732 1.42828
1.6505 1.42194
1.65368 1.41561
1.65686 1.40931
1.66004 1.40302
1.66322 1.39674
1.6664 1.39049
1.66958 1.38425
1.67276 1.37803
1.67594 1.37183
1.67912 1.36564
1.6823 1.35948
1.68548 1.35333
1.68866 1.3472
1.69184 1.34109
1.69502 1.335
1.6982 1.32893
1.70138 1.32287
1.70456 1.31684
1.70774 1.31082
1.71092 1.30483
1.7141 1.29885
1.71728 1.2929
1.72046 1.28696
1.72364 1.28105
1.72682 1.27515
1.73 1.26928
1.73318 1.26342
1.73636 1.25759
1.73954 1.25178
1.74272 1.24598
1.7459 1.24021
1.74908 1.23446
1.75226 1.22873
1.75544 1.22302
1.75862 1.21733
1.7618 1.21166
1.76498 1.20601
1.76816 1.20038
1.77134 1.19478
1.77452 1.18919
1.7777 1.18362
1.78088 1.17808
1.78406 1.17255
1.78724 1.16705
1.79042 1.16157
1.7936 1.1561
1.79679 1.15066
1.79997 1.14524
1.80315 1.13984
1.80633 1.13446
1.80951 1.12909
1.81269 1.12375
1.81587 1.11843
1.81905 1.11314
1.82223 1.10786
1.82541 1.1026
1.82859 1.09736
1.83177 1.09214
1.83495 1.08694
1.83813 1.08177
1.84131 1.07661
1.84449 1.07147
1.84767 1.06636
1.85085 1.06126
1.85403 1.05618
1.85721 1.05113
1.86039 1.04609
1.86357 1.04107
1.86675 1.03608
1.86993 1.0311
1.87311 1.02615
1.87629 1.02121
1.87947 1.01629
1.88265 1.0114
1.88583 1.00652
1.88901 1.00166
1.89219 0.996825
1.89537 0.992007
1.89855 0.987209
1.90173 0.982431
1.90491 0.977672
1.90809 0.972933
1.91127 0.968213
1.91445 0.963513
1.91763 0.958832
1.92081 0.954171
1.92399 0.949529
1.92717 0.944906
1.93035 0.940302
1.93353 0.935718
1.93671 0.931153
1.93989 0.926607
1.94307 0.92208
1.94625 0.917572
1.94943 0.913083
1.95261 0.908613
1.95579 0.904162
1.95897 0.89973
1.96215 0.895317
1.96533 0.890923
1.96851 0.886547
1.97169 0.88219
1.97487 0.877851
1.97805 0.873531
1.98123 0.86923
1.98441 0.864947
1.98759 0.860683
1.99077 0.856437
1.99395 0.852209
1.99713 0.848
2.00031 0.843809
2.00349 0.839636
2.00668 0.835482
2.00986 0.831345
2.01304 0.827227
2.01622 0.823126
2.0194 0.819044
2.02258 0.814979
2.02576 0.810932
2.02894 0.806903
2.03212 0.802892
2.0353 0.798899
2.03848 0.794923
2.04166 0.790965
2.04484 0.787024
2.04802 0.783101
2.0512 0.779195
2.05438 0.775307
2.05756 0.771436
2.06074 0.767582
2.06392 0.763746
2.0671 0.759927
2.07028 0.756125
2.07346 0.75234
2.07664 0.748572
2.07982 0.744821
2.083 0.741087
2.08618 0.737369
2.08936 0.733669
2.09254 0.729985
2.09572 0.726318
2.0989 0.722668
2.10208 0.719034
2.10526 0.715417
2.10844 0.711816
2.11162 0.708232
2.1148 0.704664
2.11798 0.701112
2.12116 0.697577
2.12434 0.694058
2.12752 0.690555
2.1307 0.687068
2.13388 0.683598
2.13706 0.680143
2.14024 0.676704
2.14342 0.673281
2.1466 0.669874
2.14978 0.666482
2.15296 0.663107
2.15614 0.659747
2.15932 0.656403
2.1625 0.653074
2.16568 0.64976
2.16886 0.646463
2.17204 0.64318
2.17522 0.639913
2.1784 0.636661
2.18158 0.633424
2.18476 0.630203
2.18794 0.626996
2.19112 0.623805
2.1943 0.620629
2.19748 0.617467
2.20066 0.614321
2.20384 0.611189
2.20702 0.608072
2.2102 0.60497
2.21338 0.601882
2.21656 0.598809
2.21975 0.595751
2.22293 0.592707
2.22611 0.589677
2.22929 0.586662
2.23247 0.583661
2.23565 0.580675
2.23883 0.577703
2.24201 0.574744
2.24519 0.5718
2.24837 0.56887
2.25155 0.565954
2.25473 0.563053
2.25791 0.560164
2.26109 0.55729
2.26427 0.554429
2.26745 0.551583
2.27063 0.54875
2.27381 0.54593
2.27699 0.543124
2.28017 0.540332
2.28335 0.537553
2.28653 0.534787
2.28971 0.532035
2.29289 0.529296
2.29607 0.52657
2.29925 0.523858
2.30243 0.521158
2.30561 0.518472
2.30879 0.515799
2.31197 0.513138
2.31515 0.510491
2.31833 0.507856
2.32151 0.505234
2.32469 0.502626
2.32787 0.500029
2.33105 0.497446
2.33423 0.494874
2.33741 0.492316
2.34059 0.48977
2.34377 0.487236
2.34695 0.484715
2.35013 0.482206
2.35331 0.47971
2.35649 0.477225
2.35967 0.474753
2.36285 0.472293
2.36603 0.469845
2.36921 0.467409
2.37239 0.464985
2.37557 0.462573
2.37875 0.460173
2.38193 0.457784
2.38511 0.455408
2.38829 0.453043
2.39147 0.45069
2.39465 0.448348
2.39783 0.446018
2.40101 0.443699
2.40419 0.441392
2.40737 0.439097
2.41055 0.436812
2.41373 0.434539
2.41691 0.432278
2.42009 0.430027
2.42327 0.427788
2.42646 0.425559
2.42964 0.423342
2.43282 0.421136
2.436 0.418941
2.43918 0.416757
2.44236 0.414583
2.44554 0.412421
2.44872 0.410269
2.4519 0.408128
2.45508 0.405997
2.45826 0.403877
2.46144 0.401768
2.46462 0.39967
2.4678 0.397581
2.47098 0.395504
2.47416 0.393436
2.47734 0.391379
2.48052 0.389333
2.4837 0.387296
2.48688 0.38527
2.49006 0.383254
2.49324 0.381248
2.49642 0.379252
2.4996 0.377266
