0 0
0.00530025 22.2394
0.0106005 50.1964
0.0159008 64.1886
0.021201 66.6114
0.0265013 62.615
0.0318015 57.5948
0.0371018 54.5321
0.042402 53.4226
0.0477023 54.9198
0.0530025 57.7967
0.0583028 61.8633
0.063603 66.0282
0.0689033 69.8378
0.0742035 72.9035
0.0795038 75.1289
0.084804 76.216
0.0901043 76.3779
0.0954045 75.4702
0.100705 73.825
0.106005 71.5652
0.111305 68.7602
0.116606 65.6049
0.121906 62.2382
0.127206 58.8434
0.132506 55.4639
0.137807 52.2403
0.143107 49.224
0.148407 46.4169
0.153707 43.8955
0.159008 41.744
0.164308 39.9732
0.169608 38.4265
0.174908 37.205
0.180209 36.2998
0.185509 35.6548
0.190809 35.2623
0.196109 35.089
0.20141 35.0922
0.20671 35.2703
0.21201 35.6069
0.21731 36.0514
0.222611 36.576
0.227911 37.1664
0.233211 37.8036
0.238511 38.4687
0.243812 39.1446
0.249112 39.8163
0.254412 40.4706
0.259712 41.0961
0.265013 41.6836
0.270313 42.2253
0.275613 42.7152
0.280913 43.1487
0.286214 43.5221
0.291514 43.8328
0.296814 44.0796
0.302114 44.2625
0.307415 44.3815
0.312715 44.437
0.318015 44.4301
0.323315 44.3629
0.328616 44.2378
0.333916 44.0571
0.339216 43.8238
0.344516 43.5412
0.349817 43.2126
0.355117 42.8406
0.360417 42.4281
0.365717 41.978
0.371018 41.4937
0.376318 40.9783
0.381618 40.4349
0.386918 39.8661
0.392219 39.2743
0.397519 38.6624
0.402819 38.0335
0.408119 37.3908
0.41342 36.7372
0.41872 36.0746
0.42402 35.4044
0.42932 34.7277
0.434621 34.0458
0.439921 33.3603
0.445221 32.6739
0.450521 31.989
0.455822 31.307
0.461122 30.6281
0.466422 29.9529
0.471722 29.2822
0.477023 28.6172
0.482323 27.9591
0.487623 27.3088
0.492923 26.6672
0.498224 26.0351
0.503524 25.413
0.508824 24.8011
0.514124 24.1994
0.519425 23.6081
0.524725 23.0275
0.530025 22.458
0.535325 21.8999
0.540626 21.3532
0.545926 20.8181
0.551226 20.2944
0.556526 19.7821
0.561827 19.2814
0.567127 18.7923
0.572427 18.3149
0.577727 17.8491
0.583028 17.3949
0.588328 16.9522
0.593628 16.5208
0.598928 16.1005
0.604229 15.6912
0.609529 15.2926
0.614829 14.9044
0.620129 14.5265
0.62543 14.1587
0.63073 13.8007
0.63603 13.4524
0.64133 13.1137
0.646631 12.7844
0.651931 12.4645
0.657231 12.1537
0.662531 11.8518
0.667832 11.5584
0.673132 11.2734
0.678432 10.9964
0.683732 10.7272
0.689033 10.4657
0.694333 10.2117
0.699633 9.96494
0.704933 9.72536
0.710234 9.49275
0.715534 9.26695
0.720834 9.04773
0.726134 8.83489
0.731435 8.62822
0.736735 8.42755
0.742035 8.23267
0.747335 8.04341
0.752636 7.8596
0.757936 7.68107
0.763236 7.50767
0.768536 7.33924
0.773837 7.17564
0.779137 7.01671
0.784437 6.86235
0.789737 6.71243
0.795038 6.56684
0.800338 6.42546
0.805638 6.28817
0.810938 6.15485
0.816239 6.02537
0.821539 5.89959
0.826839 5.77736
0.832139 5.65857
0.83744 5.54309
0.84274 5.43081
0.84804 5.32162
0.85334 5.21543
0.858641 5.11215
0.863941 5.01169
0.869241 4.91397
0.874541 4.8189
0.879842 4.72641
0.885142 4.63642
0.890442 4.54885
0.895742 4.46362
0.901043 4.38068
0.906343 4.29993
0.911643 4.22133
0.916943 4.1448
0.922244 4.07027
0.927544 3.99769
0.932844 3.92699
0.938145 3.8581
0.943445 3.79097
0.948745 3.72554
0.954045 3.66175
0.959346 3.59956
0.964646 3.53891
0.969946 3.47977
0.975246 3.42208
0.980547 3.36582
0.985847 3.31093
0.991147 3.25738
0.996447 3.20513
1.00175 3.15414
1.00705 3.10438
1.01235 3.05579
1.01765 3.00835
1.02295 2.96202
1.02825 2.91675
1.03355 2.87253
1.03885 2.82931
1.04415 2.78707
1.04945 2.74577
1.05475 2.7054
1.06005 2.66592
1.06535 2.62732
1.07065 2.58957
1.07595 2.55264
1.08125 2.51652
1.08655 2.48118
1.09185 2.44661
1.09715 2.41277
1.10245 2.37965
1.10775 2.34723
1.11305 2.31548
1.11835 2.28438
1.12365 2.25393
1.12895 2.22409
1.13425 2.19485
1.13955 2.1662
1.14485 2.13811
1.15015 2.11058
1.15545 2.0836
1.16076 2.05714
1.16606 2.0312
1.17136 2.00577
1.17666 1.98083
1.18196 1.95636
1.18726 1.93237
1.19256 1.90883
1.19786 1.88573
1.20316 1.86306
1.20846 1.84081
1.21376 1.81897
1.21906 1.79753
1.22436 1.77647
1.22966 1.7558
1.23496 1.73548
1.24026 1.71553
1.24556 1.69592
1.25086 1.67666
1.25616 1.65773
1.26146 1.63913
1.26676 1.62085
1.27206 1.60289
1.27736 1.58523
1.28266 1.56787
1.28796 1.5508
1.29326 1.53403
1.29856 1.51753
1.30386 1.5013
1.30916 1.48535
1.31446 1.46965
1.31976 1.45421
1.32506 1.43902
1.33036 1.42407
1.33566 1.40936
1.34096 1.39488
1.34626 1.38062
1.35156 1.36659
1.35686 1.35277
1.36216 1.33917
1.36746 1.32576
1.37277 1.31256
1.37807 1.29955
1.38337 1.28674
1.38867 1.27411
1.39397 1.26166
1.39927 1.24939
1.40457 1.23729
1.40987 1.22536
1.41517 1.2136
1.42047 1.20199
1.42577 1.19055
1.43107 1.17926
1.43637 1.16812
1.44167 1.15713
1.44697 1.14629
1.45227 1.13559
1.45757 1.12502
1.46287 1.11459
1.46817 1.1043
1.47347 1.09414
1.47877 1.0841
1.48407 1.07419
1.48937 1.0644
1.49467 1.05473
1.49997 1.04518
1.50527 1.03574
1.51057 1.02641
1.51587 1.0172
1.52117 1.00809
1.52647 0.999092
1.53177 0.990196
1.53707 0.981402
1.54237 0.972707
1.54767 0.96411
1.55297 0.955609
1.55827 0.947203
1.56357 0.938889
1.56887 0.930665
1.57417 0.92253
1.57947 0.914483
1.58478 0.906521
1.59008 0.898643
1.59538 0.890848
1.60068 0.883134
1.60598 0.8755
1.61128 0.867945
1.61658 0.860466
1.62188 0.853063
1.62718 0.845735
1.63248 0.838481
1.63778 0.831298
1.64308 0.824187
1.64838 0.817145
1.65368 0.810173
1.65898 0.803268
1.66428 0.79643
1.66958 0.789657
1.67488 0.78295
1.68018 0.776306
1.68548 0.769725
1.69078 0.763206
1.69608 0.756748
1.70138 0.75035
1.70668 0.744011
1.71198 0.73773
1.71728 0.731508
1.72258 0.725342
1.72788 0.719232
1.73318 0.713177
1.73848 0.707177
1.74378 0.70123
1.74908 0.695337
1.75438 0.689496
1.75968 0.683706
1.76498 0.677967
1.77028 0.672278
1.77558 0.666639
1.78088 0.661049
1.78618 0.655507
1.79148 0.650013
1.79679 0.644565
1.80209 0.639165
1.80739 0.633809
1.81269 0.6285
1.81799 0.623235
1.82329 0.618014
1.82859 0.612837
1.83389 0.607704
1.83919 0.602613
1.84449 0.597564
1.84979 0.592557
1.85509 0.587592
1.86039 0.582667
1.86569 0.577783
1.87099 0.572939
1.87629 0.568135
1.88159 0.56337
1.88689 0.558644
1.89219 0.553956
1.89749 0.549306
1.90279 0.544694
1.90809 0.540119
1.91339 0.535581
1.91869 0.531079
1.92399 0.526613
1.92929 0.522184
1.93459 0.517789
1.93989 0.51343
1.94519 0.509105
1.95049 0.504814
1.95579 0.500558
1.96109 0.496335
1.96639 0.492146
1.97169 0.48799
1.97699 0.483866
1.98229 0.479775
1.98759 0.475717
1.99289 0.47169
1.99819 0.467695
2.00349 0.463731
2.0088 0.459798
2.0141 0.455896
2.0194 0.452025
2.0247 0.448184
2.03 0.444373
2.0353 0.440592
2.0406 0.43684
2.0459 0.433118
2.0512 0.429425
2.0565 0.425761
2.0618 0.422125
2.0671 0.418518
2.0724 0.414939
2.0777 0.411388
2.083 0.407864
2.0883 0.404368
2.0936 0.400899
2.0989 0.397457
2.1042 0.394042
2.1095 0.390654
2.1148 0.387292
2.1201 0.383956
2.1254 0.380646
2.1307 0.377362
2.136 0.374103
2.1413 0.37087
2.1466 0.367661
2.1519 0.364478
2.1572 0.36132
2.1625 0.358186
2.1678 0.355077
2.1731 0.351991
2.1784 0.34893
2.1837 0.345893
2.189 0.342879
2.1943 0.339889
2.1996 0.336922
2.2049 0.333978
2.2102 0.331058
2.21551 0.32816
2.22081 0.325285
2.22611 0.322432
2.23141 0.319601
2.23671 0.316793
2.24201 0.314007
2.24731 0.311242
2.25261 0.3085
2.25791 0.305779
2.26321 0.303079
2.26851 0.3004
2.27381 0.297743
2.27911 0.295106
2.28441 0.29249
2.28971 0.289895
2.29501 0.287321
2.30031 0.284766
2.30561 0.282232
2.31091 0.279718
2.31621 0.277224
2.32151 0.27475
2.32681 0.272296
2.33211 0.269861
2.33741 0.267445
2.34271 0.265049
2.34801 0.262671
2.35331 0.260313
2.35861 0.257973
2.36391 0.255653
2.36921 0.253351
2.37451 0.251067
2.37981 0.248802
2.38511 0.246555
2.39041 0.244326
2.39571 0.242115
2.40101 0.239921
2.40631 0.237746
2.41161 0.235588
2.41691 0.233447
2.42221 0.231324
2.42752 0.229218
2.43282 0.22713
2.43812 0.225058
2.44342 0.223003
2.44872 0.220965
2.45402 0.218943
2.45932 0.216938
2.46462 0.21495
2.46992 0.212977
2.47522 0.211021
2.48052 0.209081
2.48582 0.207157
2.49112 0.205248
2.49642 0.203356
